2008.00274 -2.94444
2008.00548 -2.66667
2008.00821 -2.66667
2008.01095 -2
2008.01369 -1.94444
2008.01643 2.16667
2008.01916 3.05556
2008.02190 2.77778
2008.02464 1.66667
2008.02738 4.55556
2008.03012 0.722222
2008.03285 1.77778
2008.03559 1.05556
2008.03833 -0.722222
2008.04107 -0.222222
2008.04381 1.61111
2008.04654 3.16667
2008.04928 6.11111
2008.05202 10.7222
2008.05476 9.16667
2008.05749 6.55556
2008.06023 4.77778
2008.06297 1.38889
2008.06571 3.27778
2008.06845 3.16667
2008.07118 2.72222
2008.07392 8
2008.07666 5.11111
2008.07940 1.72222
2008.08214 2.11111
2008.08487 1.55556
2008.08761 5.16667
2008.09035 1.83333
2008.09309 -1.05556
2008.09582 2
2008.09856 4.88889
2008.10130 7.83333
2008.10404 3
2008.10678 -0.222222
2008.10951 0.888889
2008.11225 2.61111
2008.11499 0.666667
2008.11773 0.555556
2008.12047 -2.38889
2008.12320 -2.94444
2008.12594 -1.61111
2008.12868 -4.16667
2008.13142 -3
2008.13415 0.888889
2008.13689 2.77778
2008.13963 5.05556
2008.14237 7.44444
2008.14511 9.38889
2008.14784 8.77778
2008.15058 7.5
2008.15332 8.11111
2008.15606 8.77778
2008.15880 7.44444
2008.16153 6.27778
2008.16427 9.11111
2008.16701 8.44444
2008.16975 9.94444
2008.17248 8.61111
2008.17522 2.55556
2008.17796 -0.444444
2008.18070 -1.66667
2008.18344 0.388889
2008.18617 2.44444
2008.18891 4.11111
2008.19165 7.16667
2008.19439 7.77778
2008.19713 9.16667
2008.19986 5.5
2008.20260 7.44444
2008.20534 8.22222
2008.20808 8.5
2008.21081 5.61111
2008.21355 2.44444
2008.21629 1.33333
2008.21903 0.944444
2008.22177 2.44444
2008.22450 2.38889
2008.22724 1.38889
2008.22998 0.333333
2008.23272 -0.388889
2008.23546 2.05556
2008.23819 4.44444
2008.24093 5.77778
2008.24367 7.88889
2008.24641 8.27778
2008.24914 9.38889
2008.25188 10.1667
2008.25462 7.72222
2008.25736 4.88889
2008.26010 4.94444
2008.26283 6.05556
2008.26557 5.27778
2008.26831 2.94444
2008.27105 3.27778
2008.27379 11.0556
2008.27652 12.7222
2008.27926 11.9444
2008.28200 7.11111
2008.28474 9
2008.28747 7.83333
2008.29021 6.05556
2008.29295 5.5
2008.29569 5.61111
2008.29843 9.27778
2008.30116 9.16667
2008.30390 10.2778
2008.30664 11.4444
2008.30938 9.72222
2008.31211 9.11111
2008.31485 8.83333
2008.31759 9.77778
2008.32033 9.5
2008.32307 11.2778
2008.32580 13.9444
2008.32854 9.22222
2008.33128 10.0556
2008.33402 10.3889
2008.33676 11.0556
2008.33949 12.1111
2008.34223 11.6667
2008.34497 12.1111
2008.34771 12.1111
2008.35044 11.6111
2008.35318 13
2008.35592 14.7222
2008.35866 15.3889
2008.36140 15.5
2008.36413 15.2222
2008.36687 15.7778
2008.36961 16.2222
2008.37235 16.6667
2008.37509 17.1667
2008.37782 16.4444
2008.38056 12.6667
2008.38330 12.1111
2008.38604 9.55556
2008.38877 9.27778
2008.39151 11.3889
2008.39425 13.2222
2008.39699 15.6111
2008.39973 17
2008.40246 17.7778
2008.40520 23.0556
2008.40794 21.0556
2008.41068 22.2222
2008.41342 20
2008.41615 19.2778
2008.41889 20.2778
2008.42163 21.5556
2008.42437 18
2008.42710 17.3889
2008.42984 16.2222
2008.43258 16.3889
2008.43532 15.3889
2008.43806 15.4444
2008.44079 17.1111
2008.44353 19.6667
2008.44627 17.1111
2008.44901 15.2778
2008.45175 11.8333
2008.45448 11.8889
2008.45722 13.5
2008.45996 13.1667
2008.46270 13.7778
2008.46543 15.6111
2008.46817 19
2008.47091 20.0556
2008.47365 20.7778
2008.47639 24.0556
2008.47912 22.8889
2008.48186 21.1667
2008.48460 23.1111
2008.48734 20.5
2008.49008 20.3333
2008.49281 20.1111
2008.49555 21.7222
2008.49829 20.6111
2008.50103 20.7222
2008.50376 22.0556
2008.50650 20.2222
2008.50924 17.4444
2008.51198 17.8889
2008.51472 19
2008.51745 15.4444
2008.52019 16.4444
2008.52293 16
2008.52567 20.7778
2008.52841 21.6667
2008.53114 17
2008.53388 14.6111
2008.53662 14.4444
2008.53936 17.3333
2008.54209 19.3889
2008.54483 15.1111
2008.54757 15.5
2008.55031 19.6667
2008.55305 17.0556
2008.55578 14.3889
2008.55852 13.2222
2008.56126 14.7778
2008.56400 15.5556
2008.56674 18.2778
2008.56947 20.8333
2008.57221 22.1111
2008.57495 21.5556
2008.57769 21.0556
2008.58042 22.1111
2008.58316 22.5
2008.58590 21.4444
2008.58864 20.5
2008.59138 21.9444
2008.59411 20.5556
2008.59685 18.7222
2008.59959 19.8889
2008.60233 22.3889
2008.60507 18.7778
2008.60780 17.0556
2008.61054 18.8889
2008.61328 19.5
2008.61602 19.1111
2008.61875 17.0556
2008.62149 18.6111
2008.62423 13.9444
2008.62697 13.8333
2008.62971 14.8333
2008.63244 18.7778
2008.63518 20.4444
2008.63792 17.6111
2008.64066 17.4444
2008.64339 18.2778
2008.64613 14.9444
2008.64887 14.6111
2008.65161 14.7222
2008.65435 17.2778
2008.65708 17.9444
2008.65982 18.7778
2008.66256 17.6111
2008.66530 17.6111
2008.66804 18.1111
2008.67077 18.6111
2008.67351 18.7222
2008.67625 20.2778
2008.67899 17.7778
2008.68172 19.6667
2008.68446 20.2222
2008.68720 14.2778
2008.68994 15.6111
2008.69268 16.1111
2008.69541 18.4444
2008.69815 19.7222
2008.70089 16.2778
2008.70363 13.1667
2008.70637 8.38889
2008.70910 7.16667
2008.71184 7.72222
2008.71458 6.94444
2008.71732 7.05556
2008.72005 8.27778
2008.72279 8.44444
2008.72553 9.05556
2008.72827 8.66667
2008.73101 9.05556
2008.73101 99
2008.73648 9.55556
2008.73922 9.55556
2008.74196 8.77778
2008.74470 6.5
2008.74743 9.61111
2008.75017 11.4444
2008.75291 13.5556
2008.75565 12.1111
2008.75838 7.66667
2008.76112 6.22222
2008.76386 8.05556
2008.76660 14.4444
2008.76934 13.9444
2008.77207 12.0556
2008.77481 9.55556
2008.77755 10.5556
2008.78029 9.94444
2008.78303 12
2008.78576 12.3889
2008.78850 16.0556
2008.79124 15.2778
2008.79398 12.3333
2008.79671 7.22222
2008.79945 5.72222
2008.80219 7.27778
2008.80493 11.4444
2008.80767 12.9444
2008.81040 8.38889
2008.81314 5.77778
2008.81588 6.44444
2008.81862 6.11111
2008.82136 3.44444
2008.82409 9.16667
2008.82683 7.77778
2008.82957 5.22222
2008.83231 3.05556
2008.83504 3.44444
2008.83778 6.72222
2008.84052 6.77778
2008.84326 10.1111
2008.84600 8.27778
2008.84873 11.0556
2008.85147 7.33333
2008.85421 7.5
2008.85695 5.83333
2008.85969 8.11111
2008.86242 8.88889
2008.86516 7.88889
2008.86790 6.66667
2008.87064 5.38889
2008.87337 5.22222
2008.87611 2.5
2008.87885 4.22222
2008.88159 2.83333
2008.88433 1.22222
2008.88706 5.94444
2008.88980 7.22222
2008.89254 4.72222
2008.89528 -0.444444
2008.89802 -1.05556
2008.90075 1
2008.90349 0.0555556
2008.90623 -0.5
2008.90897 -1.72222
2008.91170 -3.27778
2008.91444 -0.555556
2008.91718 1.05556
2008.91992 2.22222
2008.92266 2.11111
2008.92539 2.27778
2008.92813 2.66667
2008.93087 3.77778
2008.93361 4.38889
2008.93634 2.5
2008.93908 -0.166667
2008.94182 -2.11111
2008.94456 -0.111111
2008.94730 0.0555556
2008.95003 -0.444444
2008.95277 -0.666667
2008.95551 1.61111
2008.95825 3.33333
2008.96099 0.611111
2008.96372 0.944444
2008.96646 0.5
2008.96920 1.94444
2008.97194 3.44444
2008.97467 6.22222
2008.97741 5.94444
2008.98015 4.94444
2008.98289 4.11111
2008.98563 1.33333
2008.98836 -2.05556
2008.99110 -2.16667
2008.99384 -3
2008.99658 -4.61111
2008.99932 -5.11111
2009.00205 -5.66667
2009.00274 -2.05556
2009.00548 -4.16667
2009.00821 -7.55556
2009.01095 -4.27778
2009.01369 -3.88889
2009.01643 -4
2009.01916 -5.33333
2009.02190 -7.72222
2009.02464 -10.1111
2009.02738 -10.3889
2009.03012 -10.7778
2009.03285 -10.0556
2009.03559 -7.72222
2009.03833 -5.94444
2009.04107 -2.16667
2009.04381 -4.05556
2009.04654 -1.5
2009.04928 0.555556
2009.05202 2.22222
2009.05476 1.44444
2009.05749 0.722222
2009.06023 -0.555556
2009.06297 0.888889
2009.06571 1.72222
2009.06845 0.277778
2009.07118 -1.77778
2009.07392 -2.44444
2009.07666 -0.888889
2009.07940 -1.16667
2009.08214 -2.44444
2009.08487 -2.33333
2009.08761 -2.66667
2009.09035 0.444444
2009.09309 1.66667
2009.09582 -2.16667
2009.09856 -0.555556
2009.10130 -0.5
2009.10404 0.888889
2009.10678 0.944444
2009.10951 0.666667
2009.11225 4.05556
2009.11499 0.777778
2009.11773 -1.5
2009.12047 -2.33333
2009.12320 -2.66667
2009.12594 -4.44444
2009.12868 -1.88889
2009.13142 -1.44444
2009.13415 -8.88889
2009.13689 -8.61111
2009.13963 -2.66667
2009.14237 0.944444
2009.14511 1.55556
2009.14784 2
2009.15058 0.944444
2009.15332 0.5
2009.15606 1.94444
2009.15880 3.33333
2009.16153 5.44444
2009.16427 1.55556
2009.16701 5.55556
2009.16975 4.55556
2009.17248 5.05556
2009.17522 3.44444
2009.17796 1.94444
2009.18070 1.33333
2009.18344 3.5
2009.18617 3.33333
2009.18891 4.22222
2009.19165 3.44444
2009.19439 3.11111
2009.19713 5.94444
2009.19986 6.22222
2009.20260 6.66667
2009.20534 6.38889
2009.20808 6.27778
2009.21081 5.22222
2009.21355 3.38889
2009.21629 0.0555556
2009.21903 0.388889
2009.22177 3.72222
2009.22450 6.94444
2009.22724 1.77778
2009.22998 1.27778
2009.23272 4.11111
2009.23546 7.11111
2009.23819 7.55556
2009.24093 4.5
2009.24367 4.72222
2009.24641 5.77778
2009.24914 9.05556
2009.25188 13.8333
2009.25462 12.8333
2009.25736 12.5556
2009.26010 12.7778
2009.26283 11.7778
2009.26557 13.1667
2009.26831 13.2778
2009.26831 99
2009.27379 13.9444
2009.27652 14.3889
2009.27926 13.2778
2009.28200 12.7222
2009.28474 13.4444
2009.28747 13.3889
2009.29021 14.2222
2009.29295 9.27778
2009.29569 10.0556
2009.29843 12.1111
2009.30116 14.3889
2009.30390 14.3333
2009.30664 12.5556
2009.30938 7.27778
2009.31211 8
2009.31485 12.1667
2009.31759 13.6111
2009.32033 15.4444
2009.32307 11.9444
2009.32580 7.83333
2009.32854 8.88889
2009.33128 12.6111
2009.33402 14.1667
2009.33676 14.0556
2009.33949 9.88889
2009.34223 9.11111
2009.34497 12.3333
2009.34771 14.9444
2009.35044 15.8889
2009.35318 17.0556
2009.35592 17.8889
2009.35866 17.3333
2009.36140 12.7778
2009.36413 12.7222
2009.36687 12.4444
2009.36961 12.5556
2009.37235 12.7222
2009.37509 17.9444
2009.37782 15.3333
2009.38056 16.2778
2009.38330 18.0556
2009.38604 18.1111
2009.38877 17.3333
2009.39151 16.2222
2009.39425 20.6667
2009.39699 22.7778
2009.39973 19.5556
2009.40246 12.7778
2009.40520 13.3889
2009.40794 11.6667
2009.41068 11.7778
2009.41342 12.0556
2009.41615 14.6111
2009.41889 15.6667
2009.42163 15.3333
2009.42437 12.4444
2009.42710 13.6111
2009.42984 12.7778
2009.43258 15.7778
2009.43532 16.1111
2009.43806 16.1111
2009.44079 17
2009.44353 16
2009.44627 15.4444
2009.44901 16.2222
2009.45175 20
2009.45448 19.6111
2009.45722 16.8889
2009.45996 16.5556
2009.46270 20.5556
2009.46543 16.3889
2009.46817 13.3889
2009.47091 13.0556
2009.47365 11.3333
2009.47639 11.6111
2009.47912 13.2222
2009.48186 16.2222
2009.48460 18.2222
2009.48734 18.2778
2009.49008 18.9444
2009.49281 20.2778
2009.49555 20.1667
2009.49829 20.8889
2009.50103 20.7778
2009.50376 19.2778
2009.50650 19.7222
2009.50924 20.2222
2009.51198 18.7222
2009.51472 15.7222
2009.51745 15.2778
2009.52019 15.1111
2009.52293 14.5556
2009.52567 15.3333
2009.52841 16.4444
2009.53114 21.2778
2009.53388 22.1111
2009.53662 20.5556
2009.53936 22.8889
2009.54209 20.6667
2009.54483 12.4444
2009.54757 15.6667
2009.55031 17.1111
2009.55305 21
2009.55578 22.2222
2009.55852 22.6111
2009.56126 19.6667
2009.56400 16.6111
2009.56674 16.7222
2009.56947 20.2778
2009.57221 18.1667
2009.57495 19.0556
2009.57769 19.2778
2009.58042 18.4444
2009.58316 20.5
2009.58590 19.2778
2009.58864 16.3889
2009.59138 17.1667
2009.59411 18.4444
2009.59685 19.7222
2009.59959 20.4444
2009.60233 20.1111
2009.60507 19.9444
2009.60780 17.9444
2009.61054 19.2778
2009.61328 20.1111
2009.61602 18.8333
2009.61875 18.2222
2009.62149 21.7222
2009.62423 22.3889
2009.62697 23.2778
2009.62971 20.8889
2009.63244 21.7222
2009.63518 22.8889
2009.63792 20.9444
2009.64066 15.2778
2009.64339 15.3333
2009.64613 18.8333
2009.64887 21.8333
2009.65161 19.8889
2009.65435 22.0556
2009.65708 22
2009.65982 16.2222
2009.66256 14.1111
2009.66530 16.4444
2009.66804 20.3333
2009.67077 19.8889
2009.67351 18.8333
2009.67625 15.1667
2009.67899 13.3889
2009.68172 12.8889
2009.68446 14.5556
2009.68720 15.1667
2009.68994 14.7222
2009.69268 16.5556
2009.69541 15.7222
2009.69815 14.6111
2009.70089 14.4444
2009.70363 10.8333
2009.70637 13.8889
2009.70910 16.2778
2009.71184 16.3333
2009.71458 17.5556
2009.71732 16.4444
2009.72005 16.9444
2009.72279 16.5556
2009.72553 17.5
2009.72827 16.9444
2009.73101 16.7222
2009.73374 15.0556
2009.73648 13.1111
2009.73922 12.5
2009.74196 15.4444
2009.74470 14.1111
2009.74743 12.2222
2009.75017 13.3889
2009.75291 12.6111
2009.75565 11.9444
2009.75838 12.5556
2009.76112 12.8889
2009.76386 18.4444
2009.76660 20.5
2009.76934 17.4444
2009.77207 13.6111
2009.77481 12.7778
2009.77755 12.4444
2009.78029 7.88889
2009.78303 5
2009.78576 2.16667
2009.78850 1.22222
2009.79124 3.11111
2009.79398 4.61111
2009.79671 4.11111
2009.79945 2.88889
2009.80219 2.16667
2009.80493 3.16667
2009.80767 4.88889
2009.81040 6.61111
2009.81314 7.88889
2009.81588 11.0556
2009.81862 11.2222
2009.82136 9.94444
2009.82409 6.16667
2009.82683 6.83333
2009.82957 6.77778
2009.83231 3.05556
2009.83504 4.72222
2009.83778 5.72222
2009.84052 5.55556
2009.84326 7.44444
2009.84600 5.66667
2009.84873 1
2009.85147 2.94444
2009.85421 3.44444
2009.85695 4.55556
2009.85969 3.55556
2009.86242 4.11111
2009.86516 3.11111
2009.86790 8.55556
2009.87064 6.88889
2009.87337 8.16667
2009.87611 9.61111
2009.87885 12.5556
2009.88159 8.44444
2009.88433 7.16667
2009.88706 4.44444
2009.88980 5.55556
2009.89254 8.27778
2009.89528 11.2222
2009.89802 11.2222
2009.90075 8.88889
2009.90349 8.5
2009.90623 6.94444
2009.90897 5.72222
2009.91170 3.88889
2009.91444 5.11111
2009.91718 2.61111
2009.91992 2.61111
2009.92266 0.333333
2009.92539 1.22222
2009.92813 1.72222
2009.93087 5
2009.93361 8.05556
2009.93634 5.77778
2009.93908 3.33333
2009.94182 2.44444
2009.94456 3.16667
2009.94730 0.277778
2009.95003 -1.77778
2009.95277 -3.55556
2009.95551 -3.22222
2009.95825 -4.16667
2009.96099 -5.5
2009.96372 -7.16667
2009.96646 -10.5
2009.96920 -9.83333
2009.97194 -2.16667
2009.97467 0.722222
2009.97741 1.83333
2009.98015 1.22222
2009.98289 5.61111
2009.98563 1.27778
2009.98836 -0.222222
2009.99110 1.77778
2009.99384 -0.111111
2009.99658 6.61111
2009.99932 4.77778
2010.00274 1.88889
2010.00548 -2.11111
2010.00821 -3.38889
2010.01095 -4.77778
2010.01369 -5.72222
2010.01643 -4.27778
2010.01916 -3.22222
2010.02190 -3.5
2010.02464 -4.22222
2010.02738 -3.66667
2010.03012 -3.66667
2010.03285 -4.88889
2010.03559 -6.11111
2010.03833 -2.83333
2010.04107 -2.55556
2010.04381 -3.11111
2010.04654 1.94444
2010.04928 2.44444
2010.05202 -0.777778
2010.05476 -0.555556
2010.05749 -0.833333
2010.06023 -1.38889
2010.06297 -2.77778
2010.06571 -4.5
2010.06845 -3.44444
2010.07118 -5.61111
2010.07392 -9.33333
2010.07666 -1.88889
2010.07940 0.111111
2010.08214 -1.55556
2010.08487 -3.94444
2010.08761 -2.77778
2010.09035 -0.166667
2010.09309 3.22222
2010.09582 2.16667
2010.09856 -0.388889
2010.10130 1.38889
2010.10404 -0.388889
2010.10678 -4.77778
2010.10951 -5.77778
2010.11225 -5.88889
2010.11499 -6.22222
2010.11773 -5.83333
2010.12047 -4.38889
2010.12320 -4.83333
2010.12594 -5.38889
2010.12868 -6.38889
2010.13142 -3.44444
2010.13415 -2.16667
2010.13689 -0.111111
2010.13963 0.777778
2010.14237 1.38889
2010.14511 0.277778
2010.14784 3.33333
2010.15058 5.22222
2010.15332 6.55556
2010.15606 6.11111
2010.15880 6.11111
2010.16153 7.38889
2010.16427 6.61111
2010.16701 1.72222
2010.16975 -0.277778
2010.17248 0.555556
2010.17522 -2.5
2010.17796 -2.88889
2010.18070 -6.61111
2010.18344 -7.33333
2010.18617 -5.11111
2010.18891 -2
2010.19165 -1.55556
2010.19439 -0.611111
2010.19713 1.38889
2010.19986 2.38889
2010.20260 2.27778
2010.20534 3.83333
2010.20808 5.38889
2010.21081 7.88889
2010.21355 8.72222
2010.21629 11.0556
2010.21903 11.7222
2010.22177 8.5
2010.22450 8.27778
2010.22724 9.44444
2010.22998 11.9444
2010.23272 10.6667
2010.23546 9.27778
2010.23819 8.5
2010.24093 11.7222
2010.24367 12.1111
2010.24641 8
2010.24914 2.77778
2010.25188 3.38889
2010.25462 8.22222
2010.25736 7.72222
2010.26010 6.77778
2010.26283 7.55556
2010.26557 8.66667
2010.26831 9
2010.27105 9.38889
2010.27379 7.44444
2010.27652 3.05556
2010.27926 5
2010.28200 7.11111
2010.28474 6.33333
2010.28747 6.77778
2010.29021 8.94444
2010.29295 8.61111
2010.29569 9
2010.29843 12.8889
2010.30116 12.5
2010.30390 9.16667
2010.30664 7.61111
2010.30938 8.83333
2010.31211 11.5
2010.31485 13.9444
2010.31759 11.8889
2010.32033 11.9444
2010.32307 12.4444
2010.32580 15.6111
2010.32854 17.2778
2010.33128 13.8889
2010.33402 11.1667
2010.33676 10.5556
2010.33949 9.72222
2010.34223 9.66667
2010.34497 9.11111
2010.34771 7.83333
2010.35044 10.7222
2010.35318 12.2222
2010.35592 12.0556
2010.35866 13.8889
2010.36140 12.5
2010.36413 9.38889
2010.36687 7.83333
2010.36961 7.38889
2010.37235 8.88889
2010.37509 11.7778
2010.37782 8.5
2010.38056 7.55556
2010.38330 8.61111
2010.38604 12
2010.38877 14.7222
2010.39151 15.3333
2010.39425 18.2778
2010.39699 19.5
2010.39973 17.2222
2010.40246 14.6111
2010.40520 16
2010.40794 16.0556
2010.41068 14.1111
2010.41342 9.05556
2010.41615 10.8889
2010.41889 10.8889
2010.42163 11.6667
2010.42437 15.8889
2010.42710 17.4444
2010.42984 19.9444
2010.43258 19.2778
2010.43532 20.3889
2010.43806 22.2222
2010.44079 24.3333
2010.44353 22.0556
2010.44627 21.2778
2010.44901 16.8889
2010.45175 16.4444
2010.45448 16.1111
2010.45722 13.7222
2010.45996 14.9444
2010.46270 13.9444
2010.46543 11.4444
2010.46817 10.4444
2010.47091 11.7222
2010.47365 14.1667
2010.47639 15
2010.47912 17.2222
2010.48186 18.3333
2010.48460 19.2778
2010.48734 19.9444
2010.49008 20.3333
2010.49281 21.5556
2010.49555 22.1667
2010.49829 21.5556
2010.50103 22.8333
2010.50376 23.3889
2010.50650 22.8889
2010.50924 23.2222
2010.51198 19.3889
2010.51472 18.0556
2010.51745 19.3889
2010.52019 22.2778
2010.52293 24
2010.52567 24.6667
2010.52841 25.7222
2010.53114 24.0556
2010.53388 24.8889
2010.53662 22.6111
2010.53936 25.2778
2010.54209 20.7222
2010.54483 16.5556
2010.54757 18.3333
2010.55031 20.1667
2010.55305 23.9444
2010.55578 23.7222
2010.55852 18.2778
2010.56126 14.3333
2010.56400 16.0556
2010.56674 16.2778
2010.56947 16.2778
2010.57221 17.4444
2010.57495 15.7778
2010.57769 15
2010.58042 16.7222
2010.58316 20.6111
2010.58590 19.1111
2010.58864 17.6111
2010.59138 16.9444
2010.59411 15.2222
2010.59685 13.6111
2010.59959 15.0556
2010.60233 15.9444
2010.60507 17.4444
2010.60780 18.9444
2010.61054 20.6111
2010.61328 18.8889
2010.61602 16.8889
2010.61875 16.7222
2010.62149 17.9444
2010.62423 15.2778
2010.62697 15.4444
2010.62971 16.7778
2010.63244 17.4444
2010.63518 18.6111
2010.63792 21.5
2010.64066 22.8333
2010.64339 21.7778
2010.64613 19.5556
2010.64887 16.6111
2010.65161 22.2778
2010.65435 19.7778
2010.65708 13.8889
2010.65982 13.5556
2010.66256 10.4444
2010.66530 10.6111
2010.66804 11.3889
2010.67077 13.1111
2010.67351 14.1667
2010.67625 13
2010.67899 12.3333
2010.68172 11.7222
2010.68446 12.9444
2010.68720 13.0556
2010.68994 13.9444
2010.69268 13.8333
2010.69541 15.1667
2010.69815 15.1111
2010.70089 12.7222
2010.70363 13
2010.70637 15.2778
2010.70910 13.3889
2010.71184 12.8889
2010.71458 10.9444
2010.71732 9.94444
2010.72005 10.9444
2010.72279 13.4444
2010.72553 14
2010.72827 15.6111
2010.73101 15.2778
2010.73374 10.7778
2010.73648 9.61111
2010.73922 9.72222
2010.74196 9.27778
2010.74470 10.0556
2010.74743 8.77778
2010.75017 10.2222
2010.75291 11.2222
2010.75565 12.2778
2010.75838 13.2222
2010.76112 12.3333
2010.76386 13.2222
2010.76660 12.5
2010.76934 12.0556
2010.77207 10
2010.77481 9.33333
2010.77755 9.72222
2010.78029 7.38889
2010.78303 5.77778
2010.78576 6.77778
2010.78850 6.66667
2010.79124 6.38889
2010.79398 6.27778
2010.79671 5.44444
2010.79945 6.33333
2010.80219 5.55556
2010.80493 3.44444
2010.80767 3.38889
2010.81040 7.61111
2010.81314 6.55556
2010.81588 4.44444
2010.81862 3.33333
2010.82136 3.16667
2010.82409 5.88889
2010.82683 7.11111
2010.82957 6.55556
2010.83231 9.38889
2010.83504 12.7778
2010.83778 7.38889
2010.84052 10
2010.84326 14.0556
2010.84600 13.3889
2010.84873 12.3889
2010.85147 9.33333
2010.85421 4.16667
2010.85695 3.05556
2010.85969 3.55556
2010.86242 6.05556
2010.86516 10.7778
2010.86790 14.1667
2010.87064 9.16667
2010.87337 7.72222
2010.87611 4.22222
2010.87885 3.33333
2010.88159 4.44444
2010.88433 3.88889
2010.88706 1.11111
2010.88980 3.61111
2010.89254 3.38889
2010.89528 1.88889
2010.89802 2.27778
2010.90075 1.77778
2010.90349 -1.05556
2010.90623 -1.77778
2010.90897 -3.16667
2010.91170 -1.66667
2010.91444 -7.11111
2010.91718 -3.72222
2010.91992 -4.5
2010.92266 -6.77778
2010.92539 -6.38889
2010.92813 -8.22222
2010.93087 0.388889
2010.93361 3.66667
2010.93634 5
2010.93908 -0.333333
2010.94182 -0.666667
2010.94456 1.72222
2010.94730 1.72222
2010.95003 -4.88889
2010.95277 -6.22222
2010.95551 -5.61111
2010.95825 -6.77778
2010.96099 -4.77778
2010.96372 -7.55556
2010.96646 -3.38889
2010.96920 3.11111
2010.97194 2
2010.97467 0.888889
2010.97741 0.166667
2010.98015 -0.388889
2010.98289 -4.16667
2010.98563 -7.05556
2010.98836 -5.55556
2010.99110 -5.83333
2010.99384 -6.66667
2010.99658 -5
2010.99932 -2.22222
2011.00274 -0.444444
2011.00548 -0.5
2011.00821 -3.05556
2011.01095 -6.5
2011.01369 -7.72222
2011.01643 -3.05556
2011.01916 3.83333
2011.02190 3
2011.02464 2.72222
2011.02738 1.55556
2011.03012 1.05556
2011.03285 5.16667
2011.03559 9.16667
2011.03833 9.77778
2011.04107 7.44444
2011.04381 4.05556
2011.04654 1.94444
2011.04928 4.72222
2011.05202 2.05556
2011.05476 -0.277778
2011.05749 -1.94444
2011.06023 -3.33333
2011.06297 -4.72222
2011.06571 -1.94444
2011.06845 0.722222
2011.07118 0.555556
2011.07392 -0.222222
2011.07666 -2.44444
2011.07940 -9.27778
2011.08214 -8.05556
2011.08487 -6.05556
2011.08761 -6.44444
2011.09035 -4.44444
2011.09309 -1.72222
2011.09582 3.61111
2011.09856 7.05556
2011.10130 6.55556
2011.10404 3.66667
2011.10678 3.83333
2011.10951 1.55556
2011.11225 0.555556
2011.11499 8.38889
2011.11773 4.66667
2011.12047 2.55556
2011.12320 0.5
2011.12594 -0.444444
2011.12868 -0.166667
2011.13142 1.38889
2011.13415 1.72222
2011.13689 1.55556
2011.13963 -0.555556
2011.14237 -2.77778
2011.14511 -4
2011.14784 -5.27778
2011.15058 -2.38889
2011.15332 -0.222222
2011.15606 -0.944444
2011.15880 3.77778
2011.16153 2.88889
2011.16427 1.38889
2011.16701 0.944444
2011.16975 0.666667
2011.17248 -0.388889
2011.17522 0.5
2011.17796 -0.222222
2011.18070 -0.555556
2011.18344 1
2011.18617 6
2011.18891 8.27778
2011.19165 6.94444
2011.19439 5.38889
2011.19713 7.27778
2011.19986 10.2222
2011.20260 10
2011.20534 10.1111
2011.20808 6.88889
2011.21081 5.66667
2011.21355 3.88889
2011.21629 2.11111
2011.21903 2.94444
2011.22177 4.5
2011.22450 6.05556
2011.22724 7.72222
2011.22998 10.2222
2011.23272 9.22222
2011.23546 5.61111
2011.23819 5.83333
2011.24093 8.22222
2011.24367 9.38889
2011.24641 10.9444
2011.24914 13.3333
2011.25188 13.7778
2011.25462 14.5556
2011.25736 10.5
2011.26010 11
2011.26283 13.9444
2011.26557 16.6111
2011.26831 14.3889
2011.27105 13.2778
2011.27379 9.72222
2011.27652 11.8333
2011.27926 9.83333
2011.28200 5.38889
2011.28474 6.88889
2011.28747 5.77778
2011.29021 7.22222
2011.29295 8.22222
2011.29569 9.88889
2011.29843 11.2222
2011.30116 12.2778
2011.30390 13.9444
2011.30664 15.7778
2011.30938 15.6111
2011.31211 16.1667
2011.31485 13.2222
2011.31759 10.5
2011.32033 10.1111
2011.32307 11.4444
2011.32580 14.3889
2011.32854 13.5556
2011.33128 10.8889
2011.33402 12.1111
2011.33676 6.44444
2011.33949 5.38889
2011.34223 8.38889
2011.34497 12
2011.34771 13.7778
2011.35044 15.2222
2011.35318 14.8889
2011.35592 15.1111
2011.35866 17.9444
2011.36140 16.7222
2011.36413 14.5556
2011.36687 13
2011.36961 9.72222
2011.37235 11.0556
2011.37509 14.5556
2011.37782 16.5556
2011.38056 18.6667
2011.38330 17.9444
2011.38604 18.0556
2011.38877 18
2011.39151 18.1667
2011.39425 19.6667
2011.39699 17.0556
2011.39973 19.3889
2011.40246 11.6111
2011.40520 12.5
2011.40794 15.6111
2011.41068 18.9444
2011.41342 18.6667
2011.41615 12.2222
2011.41889 13.5
2011.42163 18.0556
2011.42437 20.7222
2011.42710 20.5
2011.42984 17.1667
2011.43258 18.6111
2011.43532 15.7778
2011.43806 14.2222
2011.44079 15.1111
2011.44353 13.8889
2011.44627 15.5
2011.44901 15.3889
2011.45175 17.5
2011.45448 20.2778
2011.45722 20.7778
2011.45996 17.8889
2011.46270 13.8889
2011.46543 13.2222
2011.46817 15.1111
2011.47091 20.5556
2011.47365 20.4444
2011.47639 15.6667
2011.47912 14.5556
2011.48186 14.0556
2011.48460 17.8889
2011.48734 21.3889
2011.49008 21.7778
2011.49281 21.9444
2011.49555 16.2778
2011.49829 12.3889
2011.50103 13.0556
2011.50376 13.1667
2011.50650 17.0556
2011.50924 19.5
2011.51198 22
2011.51472 21.1111
2011.51745 18.2222
2011.52019 20.8889
2011.52293 19.6111
2011.52567 19.6667
2011.52841 21.0556
2011.53114 20.0556
2011.53388 15
2011.53662 16
2011.53936 17.1667
2011.54209 17.2778
2011.54483 14.2778
2011.54757 17.6111
2011.55031 12.8333
2011.55305 16.1667
2011.55578 15.3889
2011.55852 13.3333
2011.56126 12.4444
2011.56400 13.2222
2011.56674 16.2778
2011.56947 17.2778
2011.57221 16.9444
2011.57495 16.7778
2011.57769 15.5
2011.58042 14.9444
2011.58316 15.6667
2011.58590 19.6111
2011.58864 18.0556
2011.59138 19.4444
2011.59411 19
2011.59685 21.6111
2011.59959 17.3333
2011.60233 17.1111
2011.60507 14.5556
2011.60780 13.5556
2011.61054 16.2778
2011.61328 19.3333
2011.61602 19.1667
2011.61875 21.0556
2011.62149 19.2222
2011.62423 20.0556
2011.62697 20.2778
2011.62971 22.7778
2011.63244 22.3889
2011.63518 21.4444
2011.63792 24.7222
2011.64066 25.4444
2011.64339 25.5
2011.64613 24.9444
2011.64887 22.9444
2011.65161 25.2778
2011.65435 13.2778
2011.65708 14.1667
2011.65982 15.6111
2011.66256 15.3889
2011.66530 15.7778
2011.66804 14.8333
2011.67077 16.8889
2011.67351 19.2778
2011.67625 21.0556
2011.67899 16.3889
2011.68172 15.9444
2011.68446 15.7778
2011.68720 14.7222
2011.68994 17.4444
2011.69268 19.5
2011.69541 21.5
2011.69815 18.8889
2011.70089 19.0556
2011.70363 14.8889
2011.70637 12.4444
2011.70910 15.3889
2011.71184 19.2778
2011.71458 12.6111
2011.71732 8.61111
2011.72005 11.1667
2011.72279 10.5556
2011.72553 12
2011.72827 12.7222
2011.73101 13.4444
2011.73374 13.8333
2011.73648 16.3889
2011.73922 15.5556
2011.74196 15.0556
2011.74470 14.2778
2011.74743 14.0556
2011.75017 14.3889
2011.75291 13.3333
2011.75565 14.5556
2011.75838 14.8889
2011.76112 14.3889
2011.76386 16.2778
2011.76660 8.44444
2011.76934 6.61111
2011.77207 5.88889
2011.77481 11.2778
2011.77755 15.7778
2011.78029 13.3889
2011.78303 8.5
2011.78576 5.5
2011.78850 5.11111
2011.79124 5.55556
2011.79398 3.77778
2011.79671 10.3889
2011.79945 6.61111
2011.80219 4.88889
2011.80493 2.33333
2011.80767 0.944444
2011.81040 3.16667
2011.81314 6.22222
2011.81588 7.88889
2011.81862 8.94444
2011.82136 8.83333
2011.82409 7.44444
2011.82683 5.16667
2011.82957 7.55556
2011.83231 5.88889
2011.83504 6.61111
2011.83778 5.66667
2011.84052 4.94444
2011.84326 7.22222
2011.84600 8.44444
2011.84873 9.61111
2011.85147 5.55556
2011.85421 7.11111
2011.85695 4.44444
2011.85969 4.66667
2011.86242 1.66667
2011.86516 1.61111
2011.86790 0.833333
2011.87064 -0.888889
2011.87337 -0.111111
2011.87611 0.111111
2011.87885 1.16667
2011.88159 1.16667
2011.88433 -0.777778
2011.88706 1.22222
2011.88980 2.38889
2011.89254 -1.44444
2011.89528 -1.83333
2011.89802 -2.77778
2011.90075 -1.72222
2011.90349 1.38889
2011.90623 5.27778
2011.90897 4.77778
2011.91170 0.166667
2011.91444 1.88889
2011.91718 3.88889
2011.91992 4.94444
2011.92266 6.83333
2011.92539 9.77778
2011.92813 4.72222
2011.93087 2.61111
2011.93361 3.88889
2011.93634 3.38889
2011.93908 7.11111
2011.94182 1.05556
2011.94456 2.61111
2011.94730 2.72222
2011.95003 3.27778
2011.95277 6.61111
2011.95551 3.83333
2011.95825 6
2011.96099 1.33333
2011.96372 0.222222
2011.96646 -0.722222
2011.96920 -2.33333
2011.97194 1.22222
2011.97467 2.11111
2011.97741 6.22222
2011.98015 4.22222
2011.98289 2.55556
2011.98563 4.5
2011.98836 3.44444
2011.99110 1.27778
2011.99384 2.88889
2011.99658 1.83333
2011.99932 1.5
2012.00274 8.33333
2012.00548 7
2012.00821 4.83333
2012.01095 5.11111
2012.01369 4.44444
2012.01643 2
2012.01916 2.38889
2012.02190 2.27778
2012.02464 2.94444
2012.02738 4.27778
2012.03012 3.27778
2012.03285 2.22222
2012.03559 2.16667
2012.03833 0.722222
2012.04107 -2.66667
2012.04381 -5.66667
2012.04654 -4.33333
2012.04928 -1.61111
2012.05202 5.77778
2012.05476 2.11111
2012.05749 3.44444
2012.06023 4.72222
2012.06297 3.83333
2012.06571 1
2012.06845 -1.44444
2012.07118 -2.05556
2012.07392 -2.05556
2012.07666 -0.944444
2012.07940 -2.61111
2012.08214 -4.88889
2012.08487 -6.05556
2012.08761 -6.55556
2012.09035 -8.61111
2012.09309 -13
2012.09582 -13.7778
2012.09856 -13.7778
2012.10130 -14.2778
2012.10404 -11.6667
2012.10678 -10.6111
2012.10951 -10.7222
2012.11225 -10.3333
2012.11499 -12.5
2012.11773 -15.4444
2012.12047 -10.7778
2012.12320 -2.83333
2012.12594 0.722222
2012.12868 0.555556
2012.13142 1.66667
2012.13415 2.66667
2012.13689 1.22222
2012.13963 -1.05556
2012.14237 -2.55556
2012.14511 -0.555556
2012.14784 2.77778
2012.15058 6.61111
2012.15332 6.77778
2012.15606 2.88889
2012.15880 2.33333
2012.16153 4.5
2012.16427 7.27778
2012.16701 6.83333
2012.16975 5.22222
2012.17248 4.27778
2012.17522 5
2012.17796 2.66667
2012.18070 1.77778
2012.18344 2.88889
2012.18617 2.94444
2012.18891 1.33333
2012.19165 2.77778
2012.19439 5.05556
2012.19713 7.11111
2012.19986 6.94444
2012.20260 6.38889
2012.20534 5.94444
2012.20808 8.55556
2012.21081 10.2778
2012.21355 9.38889
2012.21629 5.44444
2012.21903 5.5
2012.22177 5.55556
2012.22450 8.77778
2012.22724 8.83333
2012.22998 8.61111
2012.23272 8.72222
2012.23546 7.88889
2012.23819 7.88889
2012.24093 10.3889
2012.24367 9.94444
2012.24641 8.33333
2012.24914 7.83333
2012.25188 3.44444
2012.25462 6.11111
2012.25736 10.4444
2012.26010 11.5556
2012.26283 8.44444
2012.26557 6.11111
2012.26831 5.38889
2012.27105 0.722222
2012.27379 3.88889
2012.27652 11.5556
2012.27926 7.05556
2012.28200 8.33333
2012.28474 7.44444
2012.28747 8.22222
2012.29021 7.11111
2012.29295 4.94444
2012.29569 4.94444
2012.29843 5.72222
2012.30116 9.72222
2012.30390 8.38889
2012.30664 9.61111
2012.30938 6.55556
2012.31211 7.33333
2012.31485 6.33333
2012.31759 11
2012.32033 14.5556
2012.32307 17.2778
2012.32580 20
2012.32854 20.7222
2012.33128 18
2012.33402 16.2222
2012.33676 18.1667
2012.33949 13.8889
2012.34223 14.8889
2012.34497 12.2778
2012.34771 9.22222
2012.35044 11.2778
2012.35318 15.1667
2012.35592 16.3889
2012.35866 19.7778
2012.36140 21.0556
2012.36413 12.4444
2012.36687 8.27778
2012.36961 7.38889
2012.37235 8.38889
2012.37509 6.11111
2012.37782 7.27778
2012.38056 11.1111
2012.38330 16.9444
2012.38604 18.3333
2012.38877 18.7222
2012.39151 16.3889
2012.39425 19.1667
2012.39699 19.2222
2012.39973 16.6667
2012.40246 15.0556
2012.40520 15.2222
2012.40794 17.1111
2012.41068 15.1111
2012.41342 15.2222
2012.41615 16.6111
2012.41889 15.2778
2012.42163 16.7778
2012.42437 16.2222
2012.42710 13.3333
2012.42984 10.6667
2012.43258 12.6667
2012.43532 17.7222
2012.43806 16.3889
2012.44079 13.6667
2012.44353 12.3889
2012.44627 13.5556
2012.44901 12.4444
2012.45175 13.2778
2012.45448 14.4444
2012.45722 18.0556
2012.45996 21.9444
2012.46270 19.3889
2012.46543 23.1111
2012.46817 21.7778
2012.47091 20.7778
2012.47365 20.8333
2012.47639 18.2778
2012.47912 17.2222
2012.48186 19.2778
2012.48460 15.1667
2012.48734 16.2778
2012.49008 19.4444
2012.49281 21.4444
2012.49555 22.8889
2012.49829 24.2222
2012.50103 20.2778
2012.50376 17.9444
2012.50650 19.6111
2012.50924 21.6111
2012.51198 22.4444
2012.51472 20.0556
2012.51745 18.7778
2012.52019 19.8889
2012.52293 19.4444
2012.52567 19.6111
2012.52841 17.7778
2012.53114 16.1111
2012.53388 15.5556
2012.53662 17.7778
2012.53936 14.8889
2012.54209 14.7222
2012.54483 16.8889
2012.54757 20.1111
2012.55031 19.6111
2012.55305 15.0556
2012.55578 14.1667
2012.55852 13.7778
2012.56126 15.8889
2012.56400 20.9444
2012.56674 19.1111
2012.56947 22.5
2012.57221 23.6111
2012.57495 21.2778
2012.57769 18.8889
2012.58042 18.2778
2012.58316 18.6667
2012.58590 20.7778
2012.58864 22.2222
2012.59138 19.6111
2012.59411 20.7778
2012.59685 19.7222
2012.59959 18.1667
2012.60233 17.3889
2012.60507 16.8333
2012.60780 16.7222
2012.61054 17.4444
2012.61328 15.0556
2012.61602 15.0556
2012.61875 15.4444
2012.62149 16.5556
2012.62423 19.1667
2012.62697 17.3889
2012.62971 17.4444
2012.63244 20.1111
2012.63518 21.4444
2012.63792 24.7222
2012.64066 23.2222
2012.64339 22.6111
2012.64613 20.3889
2012.64887 20.2778
2012.65161 19.6111
2012.65435 15.8333
2012.65708 15.5
2012.65982 18.0556
2012.66256 19.7222
2012.66530 18.3333
2012.66804 12.2778
2012.67077 13.0556
2012.67351 15.1667
2012.67625 17.1111
2012.67899 18.5556
2012.68172 18.4444
2012.68446 15.1111
2012.68720 14.1111
2012.68994 15.3333
2012.69268 18.2778
2012.69541 19.2778
2012.69815 18.8889
2012.70089 12.7222
2012.70363 10.1111
2012.70637 10.7778
2012.70910 11.9444
2012.71184 12.1667
2012.71458 13.8333
2012.71732 16.8889
2012.72005 11.2222
2012.72279 9.22222
2012.72553 10.4444
2012.72827 12.0556
2012.73101 12.2222
2012.73374 14.0556
2012.73648 14.7222
2012.73922 15.7778
2012.74196 12.4444
2012.74470 11.7222
2012.74743 10.6667
2012.75017 11.7222
2012.75291 12.7778
2012.75565 11.1111
2012.75838 13.7222
2012.76112 13.6111
2012.76386 13.6667
2012.76660 16.1667
2012.76934 11.3889
2012.77207 9.11111
2012.77481 11.1111
2012.77755 7.88889
2012.78029 6.66667
2012.78303 9.88889
2012.78576 7.55556
2012.78850 9.33333
2012.79124 7.11111
2012.79398 7.66667
2012.79671 9.88889
2012.79945 9.44444
2012.80219 11.2778
2012.80493 9.05556
2012.80767 8.83333
2012.81040 8.16667
2012.81314 7.88889
2012.81588 8.55556
2012.81862 8.22222
2012.82136 7.27778
2012.82409 2.16667
2012.82683 -0.444444
2012.82957 -0.388889
2012.83231 2.27778
2012.83504 3.11111
2012.83778 6.83333
2012.84052 7.83333
2012.84326 9.66667
2012.84600 8.55556
2012.84873 7.05556
2012.85147 4.55556
2012.85421 4.83333
2012.85695 4.44444
2012.85969 5.88889
2012.86242 5.16667
2012.86516 7.44444
2012.86790 7.61111
2012.87064 5.61111
2012.87337 5
2012.87611 3.77778
2012.87885 1.5
2012.88159 0.444444
2012.88433 0.777778
2012.88706 1.11111
2012.88980 2.44444
2012.89254 2.83333
2012.89528 4.05556
2012.89802 4.44444
2012.90075 4.27778
2012.90349 8.61111
2012.90623 7.44444
2012.90897 6.22222
2012.91170 4.66667
2012.91444 1.55556
2012.91718 -0.222222
2012.91992 -3.22222
2012.92266 -1.33333
2012.92539 -0.333333
2012.92813 2.66667
2012.93087 1.38889
2012.93361 -1.55556
2012.93634 -5.72222
2012.93908 -5.11111
2012.94182 -3.72222
2012.94456 0.555556
2012.94730 -2.61111
2012.95003 -7.72222
2012.95277 -10.4444
2012.95551 -3.66667
2012.95825 2.27778
2012.96099 4.33333
2012.96372 4.44444
2012.96646 3.16667
2012.96920 1.38889
2012.97194 -0.0555556
2012.97467 2.83333
2012.97741 4.88889
2012.98015 9.88889
2012.98289 7.88889
2012.98563 6.33333
2012.98836 6.88889
2012.99110 7.05556
2012.99384 3.77778
2012.99658 1.83333
2012.99932 3.72222